-1265
-6631
-11464
-18433
32352
-5414
-21761
-5236
-26390
16639
-28030
19167
-15839
-14346
770
-31158
516
763
638
1671
1703
32181
20128
898
-14878
31054
19202
2
722
-6881
26842
-20986
-13317
-14013
24514
-8429
1672
-14846
-32174
-14337
-15636
5050
25667
-27130
-6167
28294
29394
25186
-12795
23070
-13441
-3124
-286
2114
21419
-23038
-25625
-103
3079
1642
15038
-12566
22602
-11324
-5121
-2673
-9726
-367
3023
1318
3
580
25152
767
638
19154
9490
4019
-11294
16378
-12406
30198
3007
-854
25310
-10045
-16376
-16109
-4862
1747
18143
18147
23771
16390
767
-157
8450
-29926
7054
16383
1738
-32144
8718
-9270
762
-3074
31317
8191
16950
-30748
16843
671
1782
-2486
-1006
1031
-2669
-31998
4998
-11265
-6138
2665
1647
-16181
8810
-30078
-5536
14291
-11584
1794
-9379
-12522
-29946
-510
63
-1077
25151
17031
-12658
17535
13822
-12564
-24958
27398
20327
8948
11015
-31137
-5166
591
-6369
13018
22364
-27122
-380
-13614
419
2246
552
23358
-141
25090
17976
-124
9674
-24898
-126
3066
8043
23088
-26990
13012
1278
-8210
21123
14078
21090
1540
-7678
9691
14094
-32006
-1237
-294
11287
25343
-32219
2
514
-32318
-61
9432
21179
-12416
-25981
-1142
-102
748
-24318
-9496
13566
30751
-27872
1583
18958
-9721
1791
2310
-6565
730
17950
6825
32756
1668
9202
4616
-305
9983
19196
3586
-32006
-6967
3842
-7202
-31914
-24570
30690
28639
539
349
26626
16130
14970
-1479
31888
-3330
32315
32302
929
-24574
24538
31686
9663
-14463
-13344
4624
-2721
10955
-25315
-19808
-15318
-17713
4611
-23457
-32506
17017
-24030
9830
23248
-7765
-27413
31308
8931
32378
-14721
-3422
-14610
-263
8019
-26677
21500
-31730
1708
-21942
1791
-5857
21411
-8293
14798
704
-10374
11778
3719
-9474
-573
-6298
20547
-23460
-10503
17240
20981
13766
8506
-15622
5442
-262
1791
-19733
17046
10763
-458
1030
17311
770
-24824
11039
536
16935
-25850
24338
1787
-1534
-322
30990
19430
8743
-2326
-27906
16141
-26906
16370
20174
-13506
16157
14030
-8637
-27042
9355
16960
15378
-17726
-3397
-10550
17406
12514
-6454
-2846
-10751
18051
5284
565
14823
25100
13573
-13822
-24896
-7367
11413
21359
1754
14308
-27444
17011
-2429
-4482
26882
24308
-18558
26630
-14571
13302
2
19010
5298
2019
-23770
17935
-8638
1971
-342
1649
6314
-16600
-238
27600
29298
-5173
25090
-15766
-22559
26295
1747
-18444
-7678
22506
82
-26433
-732
-21151
31725
-12063
-8632
16196
-11321
610
767
9004
-14597
-31994
-1155
31510
-14437
-4233
-13337
-1229
32298
-30718
20410
2822
18378
-19738
18498
-28394
-13745
767
5362
-16510
17151
17014
-23802
-222
-27650
24451
5383
5894
-1508
-27407
28802
-15238
-13780
27258
12386
6659
3855
802
611
-29950
-8626
-7649
27414
26318
-2606
-3358
9500
-32001
-2467
29423
8693
32269
3595
27555
-7697
1770
-8241
19027
3151
578
2
-15861
-23994
-214
-38
-62
-27030
-4589
-4918
-8597
-23451
-32018
-14534
9671
718
23250
-17608
32534
-23038
32258
770
-25910
-7648
31858
-9542
-4344
8518
24642
-181
-32754
30451
-8505
760
-32506
-3429
-2846
-27138
18080
3716
-25602
-5550
14852
11403
2811
-24954
11352
2566
-6616
