24073
16019
23299
-7680
26628
17154
8006
8559
-20926
1095
4779
-368
19038
2597
28622
-8517
29184
7622
-21534
16110
4926
-31742
9998
1750
-31722
-1046
-11762
25602
-153
1791
-449
-253
-8324
-6626
-6624
8131
-25774
7904
27329
-30021
-13290
7130
21242
3662
3698
-9826
-30669
-21505
846
19142
-374
-15863
-506
-31226
19707
-12642
25242
7762
-126
27196
1782
-26150
-7194
2559
-7616
30916
-16440
-484
-32158
-7946
-14334
-4542
-23674
5825
5896
16198
566
-174
13833
8710
-14144
-11681
-30171
-16477
-95
17252
25291
-29989
-30933
24233
-16346
-17608
-29697
10459
-27103
-8126
-27809
4163
-29718
22378
-24658
-6258
568
1055
-13733
-19718
10130
-32217
-7172
-24690
-31190
-23659
642
32590
2
16898
-30189
-18929
-15872
-15074
-1277
730
-14525
1746
-190
-20925
755
-11306
24146
-24288
25158
-81
23491
2371
-13798
-8092
1639
-11517
34
-21505
31743
-2453
-15802
3963
-25809
25088
-6018
1536
-3537
2
32478
2623
18074
641
-7354
22731
-17470
-28646
-13401
-15806
1902
-15610
-32255
-15610
-7486
21163
-4094
3780
17126
-11413
683
-14605
17506
-15806
-843
14703
13329
2669
-9433
17122
-7550
6794
-24652
-8666
24627
-9757
-6432
17554
-21557
-1283
555
-32702
-10286
1599
13818
2054
-197
-11320
-756
-930
-12106
16386
-302
26688
6943
9443
-14368
9748
24642
18177
-332
4624
14066
-3325
-8190
-32766
1099
-7962
8931
-31421
-9952
-31057
12051
-1145
24123
31704
10973
21246
1551
1986
16184
8166
25339
-2717
642
1679
-9245
1610
17002
-3605
-32186
-23625
-24574
-7426
26346
11585
8262
-23614
24646
-392
-13349
5504
-18456
731
25295
17376
17935
-2304
16454
3586
-324
1278
31574
1029
-3076
31814
29316
-13820
-506
-27668
-122
17028
16012
16166
-505
15974
29647
3774
-12670
13218
14563
-32002
8910
15915
-7610
31284
-11317
4645
1791
-19520
-1002
763
9464
-13486
-20553
31594
-9238
-25764
-1022
1682
30371
250
16977
-1198
13917
-15982
520
2512
-32254
-29629
18443
32559
-23806
-15324
-8932
-24833
7973
30214
-3584
-15843
19490
-8086
527
32289
31867
-166
-309
21338
8190
32553
-24959
-12930
607
19296
-1533
13375
16646
-17751
9961
-14334
1762
16962
32470
27115
-814
607
559
-750
-35
16320
-14334
-11515
22402
-558
-7499
28543
-1741
512
-20534
11898
-32446
25234
595
-13329
-1440
-8190
32705
559
8829
1251
4032
767
-126
-7356
-8190
-31631
1548
18171
3130
1786
24322
-16928
512
15938
8226
-63
-26049
23878
-6433
-31758
-3314
15035
31748
730
-192
12221
2187
-9326
-1302
16710
-28901
20230
18388
-1142
32395
17114
578
32380
26242
-25886
-2121
-16382
-126
16509
-29050
-26878
26242
-125
-19586
30767
-16417
18046
-1409
-26045
-213
-21548
-15833
-15220
-2877
-12546
-15485
2986
-27754
1115
16036
18402
1598
2047
17180
1771
30023
-10554
1652
26242
-25857
-3925
2019
-1283
-23518
-27006
-27660
26367
-12352
26133
-16806
10850
-3761
-15758
-14234
9789
-23802
-3521
-24465
-8207
-2085
-7666
2
3694
534
774
24643
24198
1767
-30189
-9636
14213
6926
-13590
-15226
16176
1597
-16854
-1394
-15541
26344
11106
-29145
-20684
-2310
27328
-10261
18175
-16401
10075
-1801
-14600
-20537
-14502
-32036
6042
16900
-5738
-12293
-3554
13974
