5041
-11446
17360
16490
-7441
7802
32341
-7870
-125
31364
7114
18182
18371
-22238
636
23525
580
-4460
-13581
8171
-2305
-21943
-27542
16903
-25886
31776
-32113
-414
22431
-1594
998
3711
516
31540
-1457
-9306
19972
-3990
512
-3845
32417
-4357
26235
-21509
-12631
1274
-9718
21246
-27440
-15740
-13801
21179
-14481
-9345
25342
-6590
-11018
-3197
1023
750
-4097
102
15915
-21622
10242
9016
-4606
17145
774
24646
576
70
-7898
755
-5760
-3454
-1053
-21669
-23444
16896
-23862
-28802
18139
8124
9606
17198
2819
16018
-30977
-126
-3398
18207
-25894
2562
8923
-26729
16226
1247
-1508
16923
1723
38
-14834
-7966
-28121
-12526
-32446
17378
-21528
-7837
-3373
6226
-50
-27131
-15422
8958
-9338
767
-32254
-7530
1742
-24738
4607
19810
16903
-3360
32265
1211
549
1253
-1258
18499
34
-6030
-1813
726
-3659
521
8770
20018
1766
-31994
23375
13288
7886
25090
7690
-5570
20245
-3468
1745
19070
-16605
-31144
-141
5302
-2989
516
16914
13826
-21694
16359
4606
32231
7941
-19501
-8315
18254
-32125
-1382
-2545
-27918
-7455
-2042
-32223
-7354
17023
16387
17118
31171
-32038
-22531
-5554
-17674
16307
-20842
24086
14850
13560
31524
1040
-309
-16862
-13814
-31750
-24589
-31872
-8239
18559
24270
591
6146
32318
-272
32313
-4462
-29857
1791
20456
2106
3586
-16857
-16062
2366
-475
17650
21506
-20618
2688
-3518
10787
6706
13112
14435
16404
-12768
-14318
-4194
11203
18946
-14458
514
767
-30138
-11776
18305
-32
-14473
-29021
-17377
90
-2348
-3385
-13666
-12545
1039
-15270
7923
-1265
-25886
-143
3790
762
-21056
24319
4984
-7604
-306
14550
23096
-5316
27590
-6262
8767
-14404
622
-12728
31039
31474
-14326
-12662
-510
8099
29298
-10404
-88
17915
1462
1687
-54
29280
16919
-15136
-32674
22632
-28153
-24577
-23550
-7261
28455
834
-30850
4779
-14
-9825
774
-5693
1675
1791
-25821
-11480
-31998
-910
2626
12030
-9634
26352
-3366
-62
26238
21246
-32115
-225
667
-24830
-21438
17980
-17950
19206
2783
-29974
-14230
-13621
32540
-165
25350
13679
9515
5156
6379
-15623
16962
20099
-4198
-4348
-8126
1627
9988
20423
-62
3808
23430
7162
-510
766
-5621
2565
-830
1190
18068
18114
-254
7161
23863
17094
254
3814
18178
7750
-1514
-6971
576
25569
-16386
-6401
1066
18117
-30039
29248
-866
-12590
11671
-2574
28634
-11778
31456
17191
825
27382
15360
-22555
-7618
17128
19120
-31230
32594
1266
-15363
29306
-30644
-7676
28178
-28597
-32231
18031
-31797
-2820
13259
1683
6550
6182
-31254
-510
-26910
31336
-20574
-20667
24086
-306
17131
9979
2694
-16374
10242
13547
-7469
-21513
16255
-13485
630
6275
-3584
1094
-7614
-28102
28630
-15390
516
-14782
2561
1667
512
-25087
2566
9202
24127
-12221
-15884
10616
8706
-11498
-13418
-4440
-11550
-10313
7860
-4434
11044
-6417
9594
20320
543
-9330
-3330
-21502
7890
12930
517
-30974
1790
-24881
-24918
-29986
30406
13826
-29950
706
25310
-16512
32626
-19605
-196
27587
31391
17150
-21365
-29710
25346
19998
-15294
-30088
-5406
-31962
1791
-248
-18558
-26539
2899
-32322
-7424
8454
-4285
23061
-7822
31232
767
-12766
-20782
22298
32508
544
-8642
-18850
3598
1247
