-15537
-4602
14624
-5290
7946
-1388
17151
-14526
-6590
25414
-5398
-16553
-1697
24138
-13715
-3073
3724
1163
-277
1542
-1995
1661
20062
-15822
24211
-10483
-30134
-254
-30910
28639
-10851
-9468
1909
-107
1122
727
17128
-11014
-512
-31858
-21732
-442
-1536
-28156
90
-2508
28637
-7152
3710
-25824
-28901
-4405
-6650
1791
-8126
17102
8939
-6938
30608
-10298
-45
16994
-16484
8467
-109
-16062
-4548
4034
-350
23287
16102
-15658
11015
4808
-13785
-12785
-18493
-1294
-181
-6688
28562
9446
-3103
666
17150
3266
-8702
-422
28502
-16058
-277
774
-237
-2436
766
8765
-9640
5899
-2645
-6138
19874
32263
16956
2311
-21813
-7473
17022
-15536
-11768
32402
-1334
-15163
19507
-3149
-12798
-27911
8955
-1077
31127
-501
-32445
9978
27334
-1537
26342
31874
-34
32502
9197
522
18166
-21038
-9270
10754
5960
-1453
-15839
17089
25314
19178
522
-16117
-21810
-15862
7911
-158
14822
13906
16943
5186
642
-3441
-5137
12961
27142
1763
18419
-15863
29669
622
-1006
514
-25600
-22778
8165
-7149
-14197
-19309
13476
15075
16369
-6577
25636
-20486
1760
6958
-24766
-3490
-7430
-31230
2043
31360
-7734
15338
-117
21332
1779
-7009
-9501
19399
1859
-2046
1696
27370
2310
32002
-1508
-16334
-14620
2
-32
9443
-24604
1988
11007
8526
29948
-14559
-7326
-9592
3747
-21182
-3261
630
22467
31746
-102
619
-7334
1130
23544
-7040
-11522
-8266
702
7182
-13391
-197
-1485
-17397
-18525
30205
17376
3655
-1482
-5606
8006
1747
706
-31749
-3438
7805
-373
-254
30621
-7998
-28610
-7614
22403
-28973
-15806
1570
5656
519
-13464
-14573
66
-22266
1694
-22529
16931
542
-28158
21256
578
9834
1034
774
1782
-13333
-18926
1790
32525
17122
-32203
518
10366
1775
-610
-7678
26440
17186
3662
7506
1791
-23831
-13771
7694
32262
1122
20226
32671
-1214
-510
546
-9410
8518
21343
-3102
-27045
-7625
-24574
-24062
-24446
-9982
838
-11552
1641
23174
-27905
17138
-24950
-7422
-62
559
-11666
-5557
-26046
28658
7900
-3726
13055
-32057
-24964
-32254
18959
31315
-27918
705
-314
756
-5302
18154
17140
-11681
23682
649
-13617
1791
5502
26315
-7495
-7550
-4346
2091
27274
-277
24646
10655
-1304
-63
16908
764
-29182
-7454
28738
-9114
9754
-1142
9968
-153
-8110
-6
659
-15863
-6151
-1761
26120
5622
13245
6
-32062
-18557
-32091
-30718
11650
-20096
25543
29442
-213
-8190
-6914
-9631
23046
-25074
-23550
-9470
1785
7739
-8615
1668
21427
579
-32
-14750
-19804
-262
-10226
3808
16646
7938
9215
-20598
-28868
-16407
-2
17147
-6069
20100
26344
-20632
-6461
23355
-27919
-9138
-1286
17614
22197
-4281
-10796
22760
-11710
1606
-5201
32623
-241
-13436
1080
-31749
7231
12066
1791
1055
-362
26226
20307
8010
3835
736
-3457
1791
-24058
27231
24559
16962
-9222
-6277
1895
32642
-32510
-11153
647
15942
6043
-16165
29553
-1142
3232
12186
27522
-29698
17946
-31141
9992
31642
-2449
-1280
27399
514
1790
31358
-7354
-439
22058
-7744
-20870
18470
-817
32750
-10560
-7790
18170
-16746
-3555
-31030
9167
-32766
24650
-29586
20418
-277
-13317
4534
-27989
21250
-15872
-8190
-7521
766
-30462
-1750
25586
2882
1503
66
