26362
18031
7942
1774
-434
12890
-24634
28671
-261
-14777
-26683
-16890
18698
-18631
-31614
-29874
302
-22010
-7062
32735
31011
-14545
1742
21746
3778
25247
-3374
3330
29314
17238
22266
-21510
26118
17106
32018
-9585
512
8638
17088
-9681
-16602
-13490
-31730
23194
-21502
26795
-28155
20239
13198
1118
18175
-1414
-3842
15598
3303
754
679
22494
10749
17151
-7626
26296
-26626
-1033
-16382
-3637
1075
-1409
-3285
-10614
-31866
9983
9706
-1953
-6142
17022
3842
-30084
547
-25653
18192
9986
-6409
-1145
31533
-32616
-4
-14078
9899
-4973
15190
-18752
559
-7829
744
19039
691
19326
14143
-5145
8958
543
-12542
516
16962
-32678
-9408
12255
-32510
8906
4678
18174
28438
-17132
4122
-9309
8137
-62
1274
-15610
1550
-16366
8795
10758
-441
670
14914
-30654
-17126
16568
-20510
1663
-165
754
8673
16962
13024
17813
-5121
9322
-7446
-15610
-11734
-18725
741
17595
21020
22210
-18622
-27133
-21698
-7674
-6612
3938
-17469
-28830
20547
16962
-15550
-5150
27532
-12030
-32705
-13321
-7534
16328
98
12526
15379
-30078
9694
28630
-15868
9030
-18462
-7418
-13818
15487
32511
-1414
13598
-26894
30874
-8140
-22521
-23349
-1227
32580
300
-30462
4418
-9370
13823
8742
24802
-5261
-28093
-11537
-17706
66
13961
-29964
9184
-30769
13068
-32510
-28239
17965
-31862
-8184
-5504
13183
767
-18018
-26870
4438
-24250
-17498
7937
702
-31753
4607
766
-6169
18168
-2938
30787
-24954
-23102
-23293
6679
-7341
-31888
18175
21358
31269
-27045
-12000
-25919
-461
-25886
475
-25340
13814
2431
-5904
6754
-30970
-16988
-31517
-665
-370
-30012
-8288
8903
9923
16960
-21554
-32128
-32255
17025
10185
-32194
2119
-17444
-6326
8258
-8990
-23538
-32027
24659
-4510
4092
16964
24290
-7174
-31286
24378
1558
-433
20994
-16181
18430
7178
-22398
1770
1691
28050
-1408
-4097
767
24290
25323
-8409
3842
-14657
-17709
-11889
4054
-6150
12226
-7153
-13387
622
21435
13951
-16469
26402
-5634
27418
-18493
17137
32104
-1497
-12405
-9630
-646
1742
18043
-164
32436
1042
-32674
1674
-24706
2179
1725
5035
-31230
27581
-13598
-31745
20354
-31936
9451
-1510
-210
28771
-16415
-8204
23232
-32746
2306
9192
1150
6944
646
-16413
-32217
-7169
1726
-5981
-19454
4795
26454
6242
25140
1796
822
13375
17962
578
8706
-3582
4787
-510
11736
-13407
13070
11778
-13622
6059
-165
-24608
-20774
-3386
26626
-13822
3808
27398
-15694
17983
-429
-2338
-13310
-24833
17042
-96
297
-1106
32140
11486
-3584
22786
29275
-23210
-15739
4759
-45
16109
26114
25630
2
755
2594
-28030
-20733
-32463
-26258
7820
367
32754
1666
-29946
9994
32066
738
-4609
9058
-32005
-28036
-9370
5738
578
749
27142
-3266
-1472
13362
-13562
-321
-20677
-23064
-7358
10307
-918
-32045
32261
-11251
2050
-4245
-20993
-23994
-1413
-1363
-7936
-7422
1189
-737
-10530
16258
17952
3662
21222
23
14367
25236
-23964
701
15748
5374
7910
15826
-4246
17079
-32013
-3570
-16617
-11772
-4285
11626
18286
-15106
6850
-12734
21986
-18540
17147
-15226
-31678
3235
-1155
-20486
-492
22626
-7550
25602
17122
20226
-16316
2054
326
-17463
7875
-27909
-1414
675
17138
-14589
-23957
8834
17987
2698
-309
9202
