1720430655.383615359
1720430655.399587568
1720430655.415594266
1720430655.431664948
1720430655.447719281
1720430655.463741404
1720430655.479849729
1720430655.495792184
1720430655.511902735
1720430655.527902328
1720430655.543983340
1720430655.560020876
1720430655.576465773
1720430655.592550668
1720430655.608588057
1720430655.624722244
1720430655.640724851
1720430655.656841456
1720430655.673038529
1720430655.689170479
1720430655.705294652
1720430655.722036003
1720430655.738437630
1720430655.754581639
1720430655.770568564
1720430655.786669171
1720430655.803242190
1720430655.819317308
1720430655.835600591
1720430655.851719751
1720430655.867676633
1720430655.883795837
1720430655.899894759
1720430655.916129726
1720430655.932066510
1720430655.948027835
1720430655.964130033
1720430655.980168871
1720430655.996235004
1720430656.012260873
1720430656.028359729
1720430656.044410477
1720430656.060510721
1720430656.076461307
1720430656.092508731
1720430656.108550652
1720430656.124768632
1720430656.140760368
1720430656.156748238
1720430656.173054344
1720430656.189400462
1720430656.205670051
1720430656.221972819
1720430656.238003531
1720430656.254436906
1720430656.270635406
1720430656.286795918
1720430656.302877245
1720430656.318838419
1720430656.335041844
1720430656.351205930
1720430656.367386330
1720430656.383453555
1720430656.399777191
1720430656.415894319
1720430656.432006852
1720430656.448002517
1720430656.464010088
1720430656.480237862
1720430656.496388358
1720430656.515683355
1720430656.543573036
1720430656.568454548
1720430656.591451262
1720430656.625314931
1720430656.652214074
1720430656.684068966
1720430656.700244240
1720430656.727950137
1720430656.756813124
1720430656.787746960
1720430656.804857170
1720430656.836050817
1720430656.865571024
1720430656.888466743
1720430656.915393873
1720430656.944262053
1720430656.966276653
1720430656.990977387
1720430657.025577502
1720430657.047762208
1720430657.072739566
1720430657.092843183
1720430657.125459602
1720430657.154411905
1720430657.184304545
1720430657.202203592
1720430657.230227344
1720430657.265173815
1720430657.290881802
1720430657.326861901
1720430657.354731864
1720430657.387657562
1720430657.411473706
1720430657.445423259
1720430657.476173437
1720430657.496230650
1720430657.527660908
1720430657.552947806
1720430657.584879562
1720430657.600891180
1720430657.627722399
1720430657.660617332
1720430657.688602993
1720430657.716780802
1720430657.744311965
1720430657.766302581
1720430657.792170582
1720430657.825356504
1720430657.852925473
1720430657.884834321
1720430657.903246749
1720430657.932654999
1720430657.960615162
1720430657.985472912
1720430658.005391060
1720430658.033368678
1720430658.059258464
1720430658.086142338
1720430658.106054712
1720430658.133871318
1720430658.164796368
1720430658.188689682
1720430658.217692423
1720430658.247502935
1720430658.272476815
1720430658.292867086
1720430658.325317496
1720430658.355160394
1720430658.385025711
1720430658.406016365
1720430658.445574018
1720430658.470796921
1720430658.491592164
1720430658.526503622
1720430658.555194317
1720430658.585325566
1720430658.609249805
1720430658.646505758
1720430658.686340980
1720430658.704912488
1720430658.731726710
1720430658.766719227
1720430658.789601885
1720430658.826511650
1720430658.863333107
1720430658.891269585
1720430658.920123704
1720430658.947082473
1720430658.982925220
1720430658.998937883
1720430659.030704238
1720430659.052690112
1720430659.082584788
1720430659.100550056
1720430659.127461713
1720430659.159618658
1720430659.185118064
1720430659.207498894
1720430659.232044068
1720430659.261867798
1720430659.288721702
1720430659.310641966
1720430659.340687250
1720430659.365569595
1720430659.391406850
1720430659.424413329
1720430659.452260098
1720430659.481147151
1720430659.500101706
1720430659.529074301
1720430659.554900658
1720430659.584813109
1720430659.604641114
1720430659.632589919
1720430659.662451651
1720430659.689399590
1720430659.718217243
1720430659.747224657
1720430659.766118938
1720430659.788982187
1720430659.823864597
1720430659.854772549
1720430659.886627103
1720430659.904702972
1720430659.932567514
1720430659.967480093
1720430659.991353267
1720430660.033265549
1720430660.063104369
1720430660.089061739
1720430660.113919362
1720430660.144796163
1720430660.179751689
1720430660.195805404
1720430660.229708829
1720430660.267373095
1720430660.292352916
1720430660.328255712
1720430660.355116792
1720430660.385978992
1720430660.408764130
1720430660.435762934
1720430660.462579880
1720430660.489619489
1720430660.511545038
1720430660.539476650
1720430660.567356203
1720430660.590319328
1720430660.615093855
1720430660.648879046
1720430660.676840835
1720430660.693307680
1720430660.725708989
1720430660.752649104
1720430660.785542196
1720430660.806344392
1720430660.832656993
1720430660.861246803
1720430660.887136840
1720430660.908077092
1720430660.936946458
1720430660.965471654
1720430660.989738958
1720430661.022554944
1720430661.045492580
1720430661.065478972
1720430661.089389330
1720430661.124203213
1720430661.146068332
1720430661.174000545
1720430661.192350660
1720430661.227216096
1720430661.259746674
1720430661.287541069
1720430661.307468427
1720430661.341516419
1720430661.371305232
1720430661.391189433
1720430661.425389168
1720430661.454993647
1720430661.486806256
1720430661.506783768
1720430661.534610514
1720430661.560582755
1720430661.588602551
1720430661.614413954
1720430661.644270300
1720430661.674292381
1720430661.696841714
1720430661.730404448
1720430661.758913675
1720430661.788840029
1720430661.819775739
1720430661.854625906
1720430661.886353653
1720430661.911410690
1720430661.945299881
1720430661.975223684
1720430661.991505207
1720430662.027016228
1720430662.057941000
1720430662.088845066
1720430662.122607300
1720430662.145579441
1720430662.186394229
1720430662.206290430
1720430662.241565356
1720430662.269228708
1720430662.292070208
1720430662.328935926
1720430662.356883508
1720430662.389761294
1720430662.408586271
1720430662.440408793
1720430662.468507004
1720430662.490351193
1720430662.519701769
1720430662.545063946
1720430662.570006205
1720430662.591908038
1720430662.623814970
1720430662.655729274
1720430662.686524183
1720430662.706617414
1720430662.733575146
1720430662.768388965
1720430662.791224886
1720430662.828144407
1720430662.861992062
1720430662.890924206
1720430662.917828854
1720430662.947712139
1720430662.978548752
1720430663.008509263
1720430663.035383210
1720430663.064209425
1720430663.091184118
1720430663.128108304
1720430663.149992738
1720430663.187954156
1720430663.205842516
1720430663.246684899
1720430663.278552840
1720430663.302210923
1720430663.333402465
1720430663.363130765
1720430663.390140006
1720430663.423033268
1720430663.455900280
1720430663.488613244
1720430663.508710950
1720430663.537618645
1720430663.570529813
1720430663.593329857
1720430663.629609072
1720430663.663175131
1720430663.689023781
1720430663.718900809
1720430663.746814990
1720430663.770760569
1720430663.792663362
1720430663.826583012
1720430663.860380193
1720430663.889481106
1720430663.909361790
1720430663.943103080
1720430663.970103268
1720430663.991926388
1720430664.022812069
1720430664.048716530
1720430664.076652508
1720430664.094629655
1720430664.128407713
1720430664.157953689
1720430664.187320763
1720430664.207051372
1720430664.234038295
1720430664.266907167
1720430664.290878948
1720430664.321731713
1720430664.348702979
1720430664.381542377
1720430664.397667741
1720430664.431472823
1720430664.464281665
1720430664.490225439
1720430664.508165946
1720430664.538027023
1720430664.563888310
1720430664.589989942
1720430664.615691618
1720430664.648747038
1720430664.681175580
1720430664.700444978
1720430664.733442759
1720430664.761281886
1720430664.791181040
1720430664.819739705
1720430664.852927813
1720430664.886759015
1720430664.905918843
1720430664.936681199
1720430664.966540141
1720430664.993366563
1720430665.027565755
1720430665.053153561
1720430665.086259736
1720430665.106920162
1720430665.136531069
1720430665.168846850
1720430665.191725763
1720430665.222555380
1720430665.256466349
1720430665.287406727
1720430665.309264100
1720430665.346140599
1720430665.376039241
1720430665.395027166
1720430665.427740822
1720430665.463619486
1720430665.490681046
1720430665.513577629
1720430665.546435612
1720430665.570277981
1720430665.594243548
1720430665.633064829
1720430665.668069637
1720430665.694846923
1720430665.726821497
1720430665.754763630
1720430665.789506002
1720430665.806396487
1720430665.838057730
1720430665.870205769
1720430665.892841167
1720430665.939212950
1720430665.955468874
1720430665.988760889
1720430666.009838057
1720430666.039687062
1720430666.065618786
1720430666.090539997
1720430666.122504976
1720430666.148308560
1720430666.189294723
1720430666.208012588
1720430666.244848140
1720430666.275831712
1720430666.295691423
1720430666.327688720
1720430666.359498147
1720430666.387462986
1720430666.408596553
1720430666.434847347
1720430666.464202797
1720430666.493051579
1720430666.518045189
1720430666.542801035
1720430666.567818490
1720430666.591732959
1720430666.624591216
1720430666.651526255
1720430666.683351360
1720430666.702233713
1720430666.733310978
1720430666.762455356
1720430666.792933121
1720430666.811851647
1720430666.847973410
1720430666.868662971
1720430666.892599005
1720430666.924496433
1720430666.949522036
1720430666.976362400
1720430666.996227229
1720430667.028250062
1720430667.051067518
1720430667.081017372
1720430667.097359443
1720430667.129819173
1720430667.155727780
1720430667.187759129
1720430667.207146965
1720430667.236564064
1720430667.267379003
1720430667.293219145
1720430667.321102289
1720430667.349937556
1720430667.372948826
1720430667.394859892
1720430667.429797939
1720430667.456625702
1720430667.489036831
1720430667.510410615
1720430667.535358057
1720430667.564275849
1720430667.590101094
1720430667.612919335
1720430667.648868636
1720430667.672777953
1720430667.694794653
1720430667.729000961
1720430667.749608902
1720430667.777512743
1720430667.796402685
1720430667.829267216
1720430667.864004709
1720430667.892054882
1720430667.913927463
1720430667.949884793
1720430667.973738356
1720430667.995696144
1720430668.033608787
1720430668.063401125
1720430668.092370930
1720430668.126276483
1720430668.156092534
1720430668.191930554
1720430668.211822140
1720430668.249729636
1720430668.282604455
1720430668.303494813
1720430668.334551990
1720430668.363322728
1720430668.391287948
1720430668.411087779
1720430668.435124842
1720430668.467141834
1720430668.491989944
1720430668.514818614
1720430668.540728462
1720430668.569998283
1720430668.593477574
1720430668.614402572
